0 0.06901041666666667 0.32023575638506874 0.0859375 0.11787819253438114
0 0.26171875 0.25245579567779963 0.15364583333333334 0.17092337917485265
0 0.7682291666666666 0.20039292730844793 0.16145833333333334 0.16110019646365423
0 0.64453125 0.33104125736738704 0.1484375 0.13948919449901767
0 0.81640625 0.3290766208251473 0.14322916666666666 0.13555992141453832
0 0.7408854166666666 0.462671905697446 0.13802083333333334 0.15913555992141454
0 0.90625 0.4636542239685658 0.11458333333333333 0.1650294695481336
0 0.8111979166666666 0.5176817288801572 0.12239583333333333 0.13555992141453832
0 0.6575520833333334 0.5353634577603144 0.1328125 0.1237721021611002
0 0.3098958333333333 0.3742632612966601 0.13541666666666666 0.11984282907662082
0 0.12760416666666666 0.44597249508840864 0.08333333333333333 0.09823182711198428
0 0.21875 0.462671905697446 0.140625 0.0962671905697446
0 0.1875 0.5491159135559921 0.11458333333333333 0.0962671905697446
0 0.37890625 0.5766208251473477 0.1484375 0.1512770137524558
0 0.5950520833333334 0.6650294695481336 0.1640625 0.15913555992141454
0 0.4348958333333333 0.7013752455795678 0.14583333333333334 0.15717092337917485
0 0.53515625 0.8192534381139489 0.16927083333333334 0.15717092337917485
