0 0.17378640776699028 0.3510848126232742 0.2970873786407767 0.33136094674556216
0 0.3951456310679612 0.20808678500986194 0.24660194174757283 0.23076923076923078
0 0.6747572815533981 0.20216962524654833 0.258252427184466 0.1913214990138067
0 0.841747572815534 0.41321499013806706 0.21553398058252426 0.24260355029585798
0 0.4961165048543689 0.363905325443787 0.24660194174757283 0.2938856015779093
0 0.32427184466019415 0.6558185404339251 0.27184466019417475 0.3727810650887574
0 0.16601941747572815 0.6025641025641025 0.19611650485436893 0.1952662721893491
0 0.4436893203883495 0.8451676528599605 0.18446601941747573 0.15187376725838264
0 0.6310679611650486 0.7120315581854043 0.2796116504854369 0.3708086785009862
0 0.6776699029126214 0.4250493096646943 0.1553398058252427 0.1992110453648915
0 0.829126213592233 0.6785009861932939 0.1669902912621359 0.22485207100591717
