0 0.04709141274238227 0.6783132530120481 0.060941828254847646 0.18072289156626506
0 0.08795013850415513 0.7807228915662651 0.08448753462603878 0.1927710843373494
0 0.1945983379501385 0.236144578313253 0.08725761772853186 0.21204819277108433
0 0.3462603878116344 0.25783132530120484 0.0886426592797784 0.22650602409638554
0 0.2590027700831025 0.26987951807228916 0.07756232686980609 0.18313253012048192
0 0.471606648199446 0.3506024096385542 0.10941828254847645 0.25301204819277107
0 0.6059556786703602 0.46987951807228917 0.10941828254847645 0.25060240963855424
0 0.6668975069252078 0.27590361445783135 0.10941828254847645 0.21927710843373494
0 0.7631578947368421 0.3530120481927711 0.0886426592797784 0.27710843373493976
0 0.9078947368421053 0.11686746987951807 0.08725761772853186 0.22409638554216868
0 0.8552631578947368 0.2746987951807229 0.11218836565096953 0.29397590361445786
0 0.5775623268698061 0.6807228915662651 0.09141274238227147 0.19518072289156627
0 0.7070637119113573 0.7024096385542169 0.09833795013850416 0.2385542168674699
0 0.6295013850415513 0.8060240963855422 0.09556786703601108 0.27710843373493976
